40
40
40
34
123
50
56
125
123
49
52
125
123
50
49
125
123
50
51
125
123
50
48
125
123
50
52
125
123
50
125
123
49
56
125
123
49
55
125
123
56
125
123
49
48
125
123
48
125
123
51
48
125
123
50
55
125
123
49
125
123
51
50
125
123
54
125
123
51
49
125
123
49
49
125
123
50
54
125
123
49
50
125
123
49
53
125
123
51
125
123
49
57
125
123
50
50
125
123
50
53
125
123
49
54
125
123
57
125
123
53
125
123
49
51
125
123
52
125
123
55
125
123
50
57
125
34
45
102
39
45
32
116
115
101
117
113
101
82
98
101
87
45
101
107
111
118
110
73
59
122
67
68
69
106
85
54
57
70
48
51
53
69
57
68
57
54
65
45
49
70
70
65
45
67
51
54
52
45
52
54
53
68
45
53
52
51
68
57
54
65
56
69
106
85
112
109
101
84
69
106
85
122
67
68
43
122
67
68
108
97
99
111
108
105
52
77
122
123
49
125
43
123
49
125
67
68
32
61
39
44
39
122
117
115
97
105
100
79
39
44
39
54
68
69
53
55
57
53
56
66
67
45
51
65
56
45
57
68
54
52
45
54
68
54
123
49
125
43
123
49
125
50
52
39
44
39
69
106
85
67
53
54
68
69
53
55
123
49
125
43
123
49
125
57
53
56
66
67
45
51
65
56
45
57
68
54
52
39
44
39
125
32
39
44
39
87
46
116
101
78
123
49
125
43
123
49
125
32
116
99
101
106
98
79
45
119
101
78
32
61
32
98
117
98
105
52
123
49
125
43
123
49
125
77
123
49
125
40
32
40
32
41
123
49
125
88
123
49
125
43
93
48
51
91
101
77
79
72
115
80
123
52
125
43
93
52
91
101
109
111
104
115
80
39
44
39
103
47
47
58
115
112
116
116
104
122
67
68
32
61
32
114
39
44
39
123
49
125
32
41
123
51
125
123
50
125
46
32
40
32
123
52
125
69
78
118
58
99
111
77
115
112
69
99
91
52
44
50
52
44
50
53
93
45
39
44
39
111
108
105
52
77
122
67
68
32
61
32
100
99
105
52
77
59
122
67
68
101
120
101
46
98
101
106
95
69
106
85
54
57
70
123
49
125
43
123
49
125
48
51
53
69
57
68
57
54
65
45
49
70
70
65
45
67
123
49
125
43
123
49
125
51
54
52
45
52
54
53
68
45
53
52
51
68
57
54
65
56
69
106
85
112
109
101
84
69
106
85
122
67
68
43
122
123
49
125
43
123
49
125
67
68
108
97
99
111
108
105
52
77
122
67
68
32
61
32
101
108
105
102
105
52
77
59
101
123
49
125
43
123
49
125
99
114
111
70
45
32
114
105
100
102
100
105
52
77
32
109
101
116
73
45
101
118
111
109
101
82
59
101
99
114
111
70
45
32
115
105
100
102
100
105
52
77
32
104
116
97
80
39
44
39
68
40
103
110
105
114
116
83
100
123
49
125
43
123
49
125
97
111
108
110
119
111
68
46
98
117
98
105
52
77
32
110
111
123
49
125
43
123
49
125
105
115
115
101
114
112
120
69
45
101
107
111
118
110
73
123
49
125
43
123
49
125
59
123
49
125
43
123
49
125
116
110
101
105
108
99
98
101
39
44
39
110
111
105
116
97
110
105
116
115
101
68
45
32
114
105
100
102
100
105
52
77
32
104
116
97
80
45
32
101
118
105
104
99
114
65
45
100
110
97
112
120
123
49
125
43
123
49
125
69
59
114
105
100
102
100
105
52
77
32
101
108
105
70
116
117
79
45
32
114
105
100
100
105
52
77
32
105
114
85
39
44
39
80
80
65
76
65
67
79
76
58
118
110
101
105
52
77
32
109
101
116
73
45
119
101
78
59
101
99
114
111
70
39
44
39
125
43
123
49
125
114
111
77
69
106
85
108
39
44
39
123
52
125
32
40
32
38
32
123
51
125
32
41
59
123
51
125
123
52
125
40
32
123
52
125
79
102
83
61
32
123
49
125
123
49
125
41
32
123
51
125
32
43
32
91
83
116
82
105
78
103
93
32
40
32
123
52
125
84
69
50
99
100
91
45
32
49
46
46
45
32
40
32
123
52
125
84
69
50
99
100
46
108
69
110
71
84
72
32
41
93
41
43
123
51
125
123
52
125
40
83
101
116
32
123
49
125
79
102
83
123
49
125
32
123
49
39
44
39
49
125
123
48
125
123
49
125
44
123
49
125
69
39
44
39
108
105
116
115
39
44
39
105
103
46
119
97
114
47
47
58
115
123
49
125
43
123
49
125
112
116
116
104
123
49
125
43
123
49
125
122
67
39
44
39
122
67
68
108
97
99
39
44
39
45
54
57
49
56
52
49
54
70
69
106
85
112
109
101
84
69
106
85
122
67
68
43
39
44
39
45
54
68
54
50
52
45
54
57
49
56
52
49
54
70
69
106
85
112
109
101
84
69
106
85
111
49
106
65
84
65
68
80
80
65
76
65
67
79
76
58
123
49
125
39
44
39
102
105
52
77
32
38
59
100
99
105
52
77
32
100
99
59
122
67
68
69
106
85
115
114
101
115
119
39
44
39
106
85
123
49
125
40
101
67
65
108
80
101
114
46
41
54
51
93
114
97
72
99
91
93
71
78
105
82
116
115
91
44
123
49
125
105
52
77
123
49
125
40
101
67
65
108
80
101
114
46
41
52
51
93
114
97
72
99
91
93
39
44
39
43
123
49
125
118
110
101
123
49
125
43
123
49
125
105
52
77
32
109
101
116
73
45
119
101
78
59
41
122
67
68
116
120
116
46
49
47
110
105
97
109
47
106
103
47
111
122
117
115
97
105
100
79
39
44
39
71
78
105
82
116
115
91
44
41
50
50
49
93
114
97
72
99
91
43
55
54
93
114
97
72
99
91
43
56
54
93
114
97
72
99
91
40
40
101
67
65
108
80
101
114
46
41
123
49
125
101
99
114
111
70
45
32
101
108
105
102
105
52
77
32
109
101
116
105
45
101
123
49
125
43
123
49
125
118
111
109
101
114
59
101
108
105
39
44
39
111
114
66
69
106
85
101
114
111
77
69
106
85
108
108
105
116
115
69
106
85
67
53
39
44
39
70
69
73
47
109
111
99
46
116
110
101
116
110
111
99
114
101
115
117
98
117
104
116
39
44
39
45
32
121
114
111
116
99
101
114
105
68
32
101
112
121
84
109
101
116
73
45
32
111
49
106
115
114
101
115
119
111
114
66
69
106
85
101
123
49
39
44
39
54
65
45
49
70
70
65
45
67
51
54
52
45
52
54
53
68
45
53
52
51
68
57
54
65
56
69
106
85
112
109
101
84
69
106
85
122
67
68
43
122
67
68
108
97
99
111
108
105
52
77
122
67
68
32
61
32
114
105
100
102
100
105
52
77
59
65
84
65
68
80
80
65
76
65
67
79
76
58
118
110
101
105
52
77
32
61
32
108
97
99
123
49
125
43
123
49
125
111
108
105
52
77
59
122
67
68
101
117
114
116
61
119
97
114
63
112
105
122
46
100
114
117
98
47
110
105
97
109
47
98
111
108
98
47
70
89
70
47
111
39
44
39
83
118
32
116
101
50
99
100
32
32
40
32
32
123
51
125
32
32
41
32
41
57
51
93
114
97
72
99
91
93
71
78
105
82
116
115
91
44
41
49
49
49
93
114
97
72
99
91
43
57
52
93
114
97
72
99
91
43
54
48
49
93
114
97
72
99
91
40
40
101
67
65
108
80
101
114
46
41
123
39
44
39
106
79
73
110
123
49
125
123
49
125
41
39
44
39
32
115
105
100
102
100
105
52
77
59
122
67
68
112
105
122
46
100
114
117
98
69
106
85
54
57
70
48
51
53
69
57
68
57
39
44
39
105
100
100
105
52
77
59
101
99
114
111
70
45
32
101
108
105
70
32
101
112
121
84
109
101
116
73
45
32
111
49
106
112
105
122
46
100
114
117
98
69
106
85
54
57
70
48
51
53
69
57
68
57
54
65
45
49
70
70
65
45
67
51
54
52
45
52
54
53
68
45
53
52
51
68
57
54
65
56
69
106
85
112
109
101
84
69
106
85
111
49
106
65
84
65
68
39
44
39
70
69
73
47
109
111
99
46
98
117
104
116
105
39
41
41
45
102
91
67
104
97
82
93
57
50
44
91
67
104
97
82
93
51
57
44
91
67
104
97
82
93
49
50
52
44
91
67
104
97
82
93
51
52
44
91
67
104
97
82
93
51
54
41
32
124
46
40
32
40
91
115
116
114
73
78
103
93
36
86
101
82
66
111
115
101
112
82
69
70
69
114
101
78
99
69
41
91
49
44
51
93
43
39
88
39
45
106
79
73
78
39
39
41
